0
-0.0065631883697099633
-0.011296395692478726
-0.0096248492866119074
0
0.013714630808351622
0.023053233882235419
0.019387996502749649
0
-0.027845072271303384
-0.04799251626562466
-0.042232573731577426
0
0.07415110626725864
0.15984754243544586
0.22823951290359282
0.25432114563534414
0.22823951290359282
0.15984754243544586
0.07415110626725864
0
-0.042232573731577426
-0.04799251626562466
-0.027845072271303384
0
0.019387996502749649
0.023053233882235419
0.013714630808351622
0
-0.0096248492866119074
-0.011296395692478726
-0.0065631883697099633
0
